         1        19         1
         1        20         1
         1        21         1
         1        22         1
         1        23         1
         1        24         1
         1        26         1
         1        27         1
         2        19         1
         2        20         1
         2        21         1
         2        23         1
         2        24         1
         2        25         1
         2        26         1
         3        20         1
         3        21         1
         3        22         1
         3        23         1
         3        24         1
         3        25         1
         3        26         1
         3        27         1
         4        19         1
         4        21         1
         4        22         1
         4        23         1
         4        25         1
         4        26         1
         5        21         1
         5        22         1
         5        23         1
         5        25         1
         6        21         1
         6        23         1
         6        24         1
         6        26         1
         7        23         1
         7        24         1
         7        25         1
         7        26         1
         8        24         1
         8        26         1
         8        27         1
         9        23         1
         9        25         1
         9        26         1
         9        27         1
        10        25         1
        10        26         1
        10        27         1
        10        30         1
        11        26         1
        11        27         1
        11        28         1
        11        30         1
        12        26         1
        12        27         1
        12        28         1
        12        30         1
        12        31         1
        12        32         1
        13        25         1
        13        26         1
        13        27         1
        13        28         1
        13        30         1
        13        31         1
        13        32         1
        14        24         1
        14        25         1
        14        27         1
        14        28         1
        14        29         1
        14        30         1
        14        31         1
        14        32         1
        15        25         1
        15        26         1
        15        28         1
        15        29         1
        15        30         1
        16        26         1
        16        27         1
        17        27         1
        17        29         1
        18        27         1
        18        29         1

