       101       102         4
       101       201         2
       101       301         0
       101       302         0
       101       401         1
       101       402         0
       101       403         0
       101       501         0
       101       601         1
       101       602         0
       101       603         0
       101       701         0
       101       702         0
       101       801         1
       101       802         1
       101       803         2
       101       804         0
       101       805         0
       101       901         1
       101       902         0
       101       903         0
       101      1001         0
       101      1002         0
       101      1101         0
       101      1201         1
       101      1203         0
       101      1301         1
       101      1302         0
       101      1401         1
       101      1402         0
       101      1404         0
       101      1405         0
       101      1502         0
       101      1503         0
       101      1601         0
       101      1602         1
       101      1603         0
       101      1701         1
       101      1702         1
       101      1703         0
       101      1802         0
       101      1803         0
       101      1902         2
       101      1903         1
       102       101         4
       102       201         3
       102       301         0
       102       302         0
       102       401         0
       102       402         0
       102       403         0
       102       501         0
       102       601         1
       102       602         0
       102       603         1
       102       701         0
       102       702         0
       102       801         1
       102       802         3
       102       803         2
       102       804         0
       102       805         0
       102       901         0
       102       902         0
       102       903         1
       102      1001         0
       102      1002         0
       102      1101         0
       102      1201         0
       102      1203         0
       102      1301         1
       102      1302         0
       102      1401         2
       102      1402         0
       102      1404         0
       102      1405         0
       102      1502         0
       102      1503         0
       102      1601         1
       102      1602         1
       102      1603         1
       102      1701         1
       102      1702         1
       102      1703         1
       102      1802         0
       102      1803         0
       102      1902         1
       102      1903         1
       201       101         2
       201       102         3
       201       301         0
       201       302         0
       201       401         1
       201       402         0
       201       403         0
       201       501         0
       201       601         1
       201       602         0
       201       603         1
       201       701         0
       201       702         0
       201       801         1
       201       802         0
       201       803         0
       201       804         0
       201       805         0
       201       901         1
       201       902         0
       201       903         1
       201      1001         0
       201      1002         0
       201      1101         0
       201      1201         1
       201      1203         0
       201      1301         1
       201      1302         0
       201      1401         1
       201      1402         0
       201      1404         0
       201      1405         0
       201      1502         0
       201      1503         0
       201      1601         0
       201      1602         0
       201      1603         0
       201      1701         1
       201      1702         1
       201      1703         0
       201      1802         0
       201      1803         0
       201      1902         1
       201      1903         1
       301       101         0
       301       102         0
       301       201         0
       301       302         3
       301       401         0
       301       402         0
       301       403         0
       301       501         0
       301       601         0
       301       602         0
       301       603         0
       301       701         0
       301       702         0
       301       801         0
       301       802         0
       301       803         0
       301       804         0
       301       805         0
       301       901         0
       301       902         0
       301       903         1
       301      1001         0
       301      1002         0
       301      1101         0
       301      1201         0
       301      1203         1
       301      1301         0
       301      1302         0
       301      1401         0
       301      1402         0
       301      1404         0
       301      1405         0
       301      1502         0
       301      1503         0
       301      1601         0
       301      1602         0
       301      1603         1
       301      1701         0
       301      1702         0
       301      1703         0
       301      1802         0
       301      1803         0
       301      1902         2
       301      1903         1
       302       101         0
       302       102         0
       302       201         0
       302       301         3
       302       401         0
       302       402         0
       302       403         0
       302       501         0
       302       601         0
       302       602         0
       302       603         0
       302       701         0
       302       702         0
       302       801         0
       302       802         0
       302       803         0
       302       804         0
       302       805         0
       302       901         0
       302       902         0
       302       903         0
       302      1001         0
       302      1002         0
       302      1101         0
       302      1201         1
       302      1203         0
       302      1301         0
       302      1302         0
       302      1401         0
       302      1402         0
       302      1404         0
       302      1405         0
       302      1502         0
       302      1503         0
       302      1601         0
       302      1602         0
       302      1603         0
       302      1701         0
       302      1702         0
       302      1703         0
       302      1802         0
       302      1803         0
       302      1902         1
       302      1903         0
       401       101         1
       401       102         0
       401       201         1
       401       301         0
       401       302         0
       401       402         4
       401       403         1
       401       501         1
       401       601         1
       401       602         1
       401       603         1
       401       701         1
       401       702         1
       401       801         0
       401       802         0
       401       803         0
       401       804         0
       401       805         0
       401       901         1
       401       902         1
       401       903         2
       401      1001         0
       401      1002         0
       401      1101         1
       401      1201         2
       401      1203         0
       401      1301         1
       401      1302         0
       401      1401         1
       401      1402         0
       401      1404         0
       401      1405         0
       401      1502         0
       401      1503         0
       401      1601         0
       401      1602         0
       401      1603         0
       401      1701         0
       401      1702         0
       401      1703         0
       401      1802         0
       401      1803         1
       401      1902         1
       401      1903         1
       402       101         0
       402       102         0
       402       201         0
       402       301         0
       402       302         0
       402       401         4
       402       403         1
       402       501         0
       402       601         0
       402       602         0
       402       603         0
       402       701         0
       402       702         0
       402       801         0
       402       802         0
       402       803         0
       402       804         0
       402       805         0
       402       901         0
       402       902         0
       402       903         1
       402      1001         0
       402      1002         0
       402      1101         0
       402      1201         0
       402      1203         0
       402      1301         1
       402      1302         0
       402      1401         0
       402      1402         0
       402      1404         0
       402      1405         0
       402      1502         0
       402      1503         0
       402      1601         0
       402      1602         0
       402      1603         0
       402      1701         1
       402      1702         0
       402      1703         0
       402      1802         0
       402      1803         0
       402      1902         1
       402      1903         0
       403       101         0
       403       102         0
       403       201         0
       403       301         0
       403       302         0
       403       401         1
       403       402         1
       403       501         0
       403       601         0
       403       602         0
       403       603         0
       403       701         0
       403       702         0
       403       801         0
       403       802         0
       403       803         0
       403       804         0
       403       805         0
       403       901         0
       403       902         0
       403       903         0
       403      1001         0
       403      1002         0
       403      1101         0
       403      1201         0
       403      1203         0
       403      1301         0
       403      1302         0
       403      1401         0
       403      1402         0
       403      1404         0
       403      1405         0
       403      1502         0
       403      1503         0
       403      1601         0
       403      1602         0
       403      1603         0
       403      1701         0
       403      1702         0
       403      1703         0
       403      1802         0
       403      1803         0
       403      1902         0
       403      1903         0
       501       101         0
       501       102         0
       501       201         0
       501       301         0
       501       302         0
       501       401         1
       501       402         0
       501       403         0
       501       601         0
       501       602         0
       501       603         1
       501       701         1
       501       702         1
       501       801         0
       501       802         0
       501       803         0
       501       804         0
       501       805         0
       501       901         1
       501       902         0
       501       903         1
       501      1001         0
       501      1002         0
       501      1101         0
       501      1201         1
       501      1203         0
       501      1301         0
       501      1302         0
       501      1401         0
       501      1402         0
       501      1404         0
       501      1405         0
       501      1502         0
       501      1503         0
       501      1601         0
       501      1602         0
       501      1603         0
       501      1701         0
       501      1702         0
       501      1703         0
       501      1802         0
       501      1803         0
       501      1902         0
       501      1903         0
       601       101         1
       601       102         1
       601       201         1
       601       301         0
       601       302         0
       601       401         1
       601       402         0
       601       403         0
       601       501         0
       601       602         4
       601       603         3
       601       701         0
       601       702         1
       601       801         1
       601       802         0
       601       803         1
       601       804         0
       601       805         0
       601       901         1
       601       902         0
       601       903         2
       601      1001         0
       601      1002         0
       601      1101         0
       601      1201         1
       601      1203         0
       601      1301         1
       601      1302         0
       601      1401         0
       601      1402         0
       601      1404         0
       601      1405         0
       601      1502         0
       601      1503         0
       601      1601         0
       601      1602         0
       601      1603         0
       601      1701         1
       601      1702         0
       601      1703         0
       601      1802         0
       601      1803         0
       601      1902         1
       601      1903         1
       602       101         0
       602       102         0
       602       201         0
       602       301         0
       602       302         0
       602       401         1
       602       402         0
       602       403         0
       602       501         0
       602       601         4
       602       603         3
       602       701         0
       602       702         1
       602       801         0
       602       802         0
       602       803         0
       602       804         0
       602       805         0
       602       901         2
       602       902         0
       602       903         2
       602      1001         0
       602      1002         0
       602      1101         0
       602      1201         1
       602      1203         0
       602      1301         1
       602      1302         0
       602      1401         1
       602      1402         0
       602      1404         2
       602      1405         0
       602      1502         0
       602      1503         0
       602      1601         0
       602      1602         0
       602      1603         0
       602      1701         0
       602      1702         0
       602      1703         0
       602      1802         0
       602      1803         0
       602      1902         1
       602      1903         1
       603       101         0
       603       102         1
       603       201         1
       603       301         0
       603       302         0
       603       401         1
       603       402         0
       603       403         0
       603       501         1
       603       601         3
       603       602         3
       603       701         0
       603       702         0
       603       801         0
       603       802         0
       603       803         0
       603       804         0
       603       805         0
       603       901         0
       603       902         0
       603       903         1
       603      1001         0
       603      1002         0
       603      1101         0
       603      1201         1
       603      1203         0
       603      1301         1
       603      1302         1
       603      1401         0
       603      1402         0
       603      1404         0
       603      1405         0
       603      1502         0
       603      1503         0
       603      1601         0
       603      1602         0
       603      1603         0
       603      1701         0
       603      1702         0
       603      1703         0
       603      1802         0
       603      1803         1
       603      1902         1
       603      1903         1
       701       101         0
       701       102         0
       701       201         0
       701       301         0
       701       302         0
       701       401         1
       701       402         0
       701       403         0
       701       501         1
       701       601         0
       701       602         0
       701       603         0
       701       702         4
       701       801         0
       701       802         0
       701       803         0
       701       804         0
       701       805         0
       701       901         1
       701       902         0
       701       903         1
       701      1001         0
       701      1002         0
       701      1101         0
       701      1201         0
       701      1203         0
       701      1301         0
       701      1302         0
       701      1401         0
       701      1402         0
       701      1404         0
       701      1405         0
       701      1502         0
       701      1503         0
       701      1601         0
       701      1602         0
       701      1603         0
       701      1701         0
       701      1702         0
       701      1703         0
       701      1802         0
       701      1803         0
       701      1902         1
       701      1903         0
       702       101         0
       702       102         0
       702       201         0
       702       301         0
       702       302         0
       702       401         1
       702       402         0
       702       403         0
       702       501         1
       702       601         1
       702       602         1
       702       603         0
       702       701         4
       702       801         0
       702       802         0
       702       803         0
       702       804         0
       702       805         0
       702       901         1
       702       902         0
       702       903         1
       702      1001         0
       702      1002         0
       702      1101         0
       702      1201         1
       702      1203         0
       702      1301         0
       702      1302         0
       702      1401         0
       702      1402         0
       702      1404         0
       702      1405         0
       702      1502         0
       702      1503         0
       702      1601         0
       702      1602         0
       702      1603         0
       702      1701         0
       702      1702         0
       702      1703         0
       702      1802         0
       702      1803         0
       702      1902         1
       702      1903         0
       801       101         1
       801       102         1
       801       201         1
       801       301         0
       801       302         0
       801       401         0
       801       402         0
       801       403         0
       801       501         0
       801       601         1
       801       602         0
       801       603         0
       801       701         0
       801       702         0
       801       802         3
       801       803         3
       801       804         4
       801       805         2
       801       901         0
       801       902         0
       801       903         0
       801      1001         0
       801      1002         0
       801      1101         0
       801      1201         0
       801      1203         0
       801      1301         2
       801      1302         0
       801      1401         1
       801      1402         0
       801      1404         0
       801      1405         0
       801      1502         0
       801      1503         0
       801      1601         0
       801      1602         0
       801      1603         0
       801      1701         0
       801      1702         0
       801      1703         0
       801      1802         0
       801      1803         0
       801      1902         1
       801      1903         1
       802       101         1
       802       102         3
       802       201         0
       802       301         0
       802       302         0
       802       401         0
       802       402         0
       802       403         0
       802       501         0
       802       601         0
       802       602         0
       802       603         0
       802       701         0
       802       702         0
       802       801         3
       802       803         4
       802       804         2
       802       805         3
       802       901         0
       802       902         0
       802       903         0
       802      1001         0
       802      1002         0
       802      1101         0
       802      1201         0
       802      1203         0
       802      1301         1
       802      1302         0
       802      1401         0
       802      1402         0
       802      1404         0
       802      1405         0
       802      1502         0
       802      1503         0
       802      1601         0
       802      1602         0
       802      1603         0
       802      1701         0
       802      1702         0
       802      1703         0
       802      1802         0
       802      1803         0
       802      1902         0
       802      1903         0
       803       101         2
       803       102         2
       803       201         0
       803       301         0
       803       302         0
       803       401         0
       803       402         0
       803       403         0
       803       501         0
       803       601         1
       803       602         0
       803       603         0
       803       701         0
       803       702         0
       803       801         3
       803       802         4
       803       804         2
       803       805         1
       803       901         1
       803       902         0
       803       903         0
       803      1001         0
       803      1002         0
       803      1101         0
       803      1201         0
       803      1203         0
       803      1301         0
       803      1302         0
       803      1401         1
       803      1402         0
       803      1404         0
       803      1405         0
       803      1502         0
       803      1503         0
       803      1601         0
       803      1602         0
       803      1603         0
       803      1701         0
       803      1702         0
       803      1703         0
       803      1802         0
       803      1803         0
       803      1902         0
       803      1903         0
       804       101         0
       804       102         0
       804       201         0
       804       301         0
       804       302         0
       804       401         0
       804       402         0
       804       403         0
       804       501         0
       804       601         0
       804       602         0
       804       603         0
       804       701         0
       804       702         0
       804       801         4
       804       802         2
       804       803         2
       804       805         2
       804       901         0
       804       902         0
       804       903         0
       804      1001         0
       804      1002         0
       804      1101         0
       804      1201         0
       804      1203         0
       804      1301         1
       804      1302         0
       804      1401         1
       804      1402         0
       804      1404         0
       804      1405         0
       804      1502         0
       804      1503         0
       804      1601         0
       804      1602         0
       804      1603         0
       804      1701         0
       804      1702         0
       804      1703         0
       804      1802         0
       804      1803         0
       804      1902         1
       804      1903         0
       805       101         0
       805       102         0
       805       201         0
       805       301         0
       805       302         0
       805       401         0
       805       402         0
       805       403         0
       805       501         0
       805       601         0
       805       602         0
       805       603         0
       805       701         0
       805       702         0
       805       801         2
       805       802         3
       805       803         1
       805       804         2
       805       901         0
       805       902         0
       805       903         0
       805      1001         0
       805      1002         0
       805      1101         0
       805      1201         0
       805      1203         0
       805      1301         0
       805      1302         0
       805      1401         0
       805      1402         0
       805      1404         0
       805      1405         0
       805      1502         0
       805      1503         0
       805      1601         0
       805      1602         0
       805      1603         0
       805      1701         0
       805      1702         0
       805      1703         0
       805      1802         0
       805      1803         0
       805      1902         0
       805      1903         0
       901       101         1
       901       102         0
       901       201         1
       901       301         0
       901       302         0
       901       401         1
       901       402         0
       901       403         0
       901       501         1
       901       601         1
       901       602         2
       901       603         0
       901       701         1
       901       702         1
       901       801         0
       901       802         0
       901       803         1
       901       804         0
       901       805         0
       901       902         2
       901       903         4
       901      1001         0
       901      1002         0
       901      1101         1
       901      1201         1
       901      1203         0
       901      1301         1
       901      1302         0
       901      1401         0
       901      1402         0
       901      1404         1
       901      1405         0
       901      1502         0
       901      1503         0
       901      1601         0
       901      1602         0
       901      1603         0
       901      1701         0
       901      1702         0
       901      1703         0
       901      1802         0
       901      1803         0
       901      1902         1
       901      1903         1
       902       101         0
       902       102         0
       902       201         0
       902       301         0
       902       302         0
       902       401         1
       902       402         0
       902       403         0
       902       501         0
       902       601         0
       902       602         0
       902       603         0
       902       701         0
       902       702         0
       902       801         0
       902       802         0
       902       803         0
       902       804         0
       902       805         0
       902       901         2
       902       903         3
       902      1001         0
       902      1002         0
       902      1101         0
       902      1201         0
       902      1203         0
       902      1301         1
       902      1302         0
       902      1401         0
       902      1402         0
       902      1404         0
       902      1405         0
       902      1502         0
       902      1503         0
       902      1601         0
       902      1602         0
       902      1603         0
       902      1701         0
       902      1702         0
       902      1703         0
       902      1802         0
       902      1803         0
       902      1902         0
       902      1903         0
       903       101         0
       903       102         1
       903       201         1
       903       301         1
       903       302         0
       903       401         2
       903       402         1
       903       403         0
       903       501         1
       903       601         2
       903       602         2
       903       603         1
       903       701         1
       903       702         1
       903       801         0
       903       802         0
       903       803         0
       903       804         0
       903       805         0
       903       901         4
       903       902         3
       903      1001         0
       903      1002         0
       903      1101         0
       903      1201         1
       903      1203         1
       903      1301         1
       903      1302         0
       903      1401         0
       903      1402         0
       903      1404         1
       903      1405         0
       903      1502         0
       903      1503         0
       903      1601         0
       903      1602         0
       903      1603         0
       903      1701         0
       903      1702         0
       903      1703         0
       903      1802         0
       903      1803         1
       903      1902         2
       903      1903         0
      1001       101         0
      1001       102         0
      1001       201         0
      1001       301         0
      1001       302         0
      1001       401         0
      1001       402         0
      1001       403         0
      1001       501         0
      1001       601         0
      1001       602         0
      1001       603         0
      1001       701         0
      1001       702         0
      1001       801         0
      1001       802         0
      1001       803         0
      1001       804         0
      1001       805         0
      1001       901         0
      1001       902         0
      1001       903         0
      1001      1002         2
      1001      1101         0
      1001      1201         0
      1001      1203         0
      1001      1301         0
      1001      1302         0
      1001      1401         0
      1001      1402         0
      1001      1404         0
      1001      1405         0
      1001      1502         0
      1001      1503         0
      1001      1601         0
      1001      1602         0
      1001      1603         0
      1001      1701         0
      1001      1702         0
      1001      1703         0
      1001      1802         0
      1001      1803         0
      1001      1902         0
      1001      1903         0
      1002       101         0
      1002       102         0
      1002       201         0
      1002       301         0
      1002       302         0
      1002       401         0
      1002       402         0
      1002       403         0
      1002       501         0
      1002       601         0
      1002       602         0
      1002       603         0
      1002       701         0
      1002       702         0
      1002       801         0
      1002       802         0
      1002       803         0
      1002       804         0
      1002       805         0
      1002       901         0
      1002       902         0
      1002       903         0
      1002      1001         2
      1002      1101         0
      1002      1201         0
      1002      1203         0
      1002      1301         0
      1002      1302         0
      1002      1401         0
      1002      1402         0
      1002      1404         0
      1002      1405         0
      1002      1502         0
      1002      1503         0
      1002      1601         0
      1002      1602         0
      1002      1603         0
      1002      1701         0
      1002      1702         0
      1002      1703         0
      1002      1802         0
      1002      1803         0
      1002      1902         0
      1002      1903         0
      1101       101         0
      1101       102         0
      1101       201         0
      1101       301         0
      1101       302         0
      1101       401         1
      1101       402         0
      1101       403         0
      1101       501         0
      1101       601         0
      1101       602         0
      1101       603         0
      1101       701         0
      1101       702         0
      1101       801         0
      1101       802         0
      1101       803         0
      1101       804         0
      1101       805         0
      1101       901         1
      1101       902         0
      1101       903         0
      1101      1001         0
      1101      1002         0
      1101      1201         0
      1101      1203         0
      1101      1301         0
      1101      1302         0
      1101      1401         0
      1101      1402         0
      1101      1404         0
      1101      1405         0
      1101      1502         0
      1101      1503         0
      1101      1601         0
      1101      1602         0
      1101      1603         0
      1101      1701         0
      1101      1702         0
      1101      1703         0
      1101      1802         0
      1101      1803         0
      1101      1902         1
      1101      1903         1
      1201       101         1
      1201       102         0
      1201       201         1
      1201       301         0
      1201       302         1
      1201       401         2
      1201       402         0
      1201       403         0
      1201       501         1
      1201       601         1
      1201       602         1
      1201       603         1
      1201       701         0
      1201       702         1
      1201       801         0
      1201       802         0
      1201       803         0
      1201       804         0
      1201       805         0
      1201       901         1
      1201       902         0
      1201       903         1
      1201      1001         0
      1201      1002         0
      1201      1101         0
      1201      1203         1
      1201      1301         1
      1201      1302         0
      1201      1401         0
      1201      1402         0
      1201      1404         0
      1201      1405         0
      1201      1502         0
      1201      1503         0
      1201      1601         0
      1201      1602         0
      1201      1603         0
      1201      1701         0
      1201      1702         0
      1201      1703         0
      1201      1802         0
      1201      1803         2
      1201      1902         2
      1201      1903         1
      1203       101         0
      1203       102         0
      1203       201         0
      1203       301         1
      1203       302         0
      1203       401         0
      1203       402         0
      1203       403         0
      1203       501         0
      1203       601         0
      1203       602         0
      1203       603         0
      1203       701         0
      1203       702         0
      1203       801         0
      1203       802         0
      1203       803         0
      1203       804         0
      1203       805         0
      1203       901         0
      1203       902         0
      1203       903         1
      1203      1001         0
      1203      1002         0
      1203      1101         0
      1203      1201         1
      1203      1301         0
      1203      1302         0
      1203      1401         0
      1203      1402         0
      1203      1404         0
      1203      1405         0
      1203      1502         0
      1203      1503         0
      1203      1601         0
      1203      1602         0
      1203      1603         1
      1203      1701         0
      1203      1702         0
      1203      1703         0
      1203      1802         0
      1203      1803         0
      1203      1902         1
      1203      1903         0
      1301       101         1
      1301       102         1
      1301       201         1
      1301       301         0
      1301       302         0
      1301       401         1
      1301       402         1
      1301       403         0
      1301       501         0
      1301       601         1
      1301       602         1
      1301       603         1
      1301       701         0
      1301       702         0
      1301       801         2
      1301       802         1
      1301       803         0
      1301       804         1
      1301       805         0
      1301       901         1
      1301       902         1
      1301       903         1
      1301      1001         0
      1301      1002         0
      1301      1101         0
      1301      1201         1
      1301      1203         0
      1301      1302         2
      1301      1401         1
      1301      1402         1
      1301      1404         0
      1301      1405         0
      1301      1502         0
      1301      1503         0
      1301      1601         0
      1301      1602         0
      1301      1603         0
      1301      1701         0
      1301      1702         0
      1301      1703         0
      1301      1802         0
      1301      1803         0
      1301      1902         1
      1301      1903         1
      1302       101         0
      1302       102         0
      1302       201         0
      1302       301         0
      1302       302         0
      1302       401         0
      1302       402         0
      1302       403         0
      1302       501         0
      1302       601         0
      1302       602         0
      1302       603         1
      1302       701         0
      1302       702         0
      1302       801         0
      1302       802         0
      1302       803         0
      1302       804         0
      1302       805         0
      1302       901         0
      1302       902         0
      1302       903         0
      1302      1001         0
      1302      1002         0
      1302      1101         0
      1302      1201         0
      1302      1203         0
      1302      1301         2
      1302      1401         0
      1302      1402         0
      1302      1404         0
      1302      1405         0
      1302      1502         0
      1302      1503         0
      1302      1601         0
      1302      1602         0
      1302      1603         0
      1302      1701         0
      1302      1702         0
      1302      1703         0
      1302      1802         0
      1302      1803         0
      1302      1902         1
      1302      1903         0
      1401       101         1
      1401       102         2
      1401       201         1
      1401       301         0
      1401       302         0
      1401       401         1
      1401       402         0
      1401       403         0
      1401       501         0
      1401       601         0
      1401       602         1
      1401       603         0
      1401       701         0
      1401       702         0
      1401       801         1
      1401       802         0
      1401       803         1
      1401       804         1
      1401       805         0
      1401       901         0
      1401       902         0
      1401       903         0
      1401      1001         0
      1401      1002         0
      1401      1101         0
      1401      1201         0
      1401      1203         0
      1401      1301         1
      1401      1302         0
      1401      1402         4
      1401      1404         4
      1401      1405         4
      1401      1502         0
      1401      1503         0
      1401      1601         0
      1401      1602         0
      1401      1603         0
      1401      1701         0
      1401      1702         0
      1401      1703         0
      1401      1802         0
      1401      1803         0
      1401      1902         2
      1401      1903         1
      1402       101         0
      1402       102         0
      1402       201         0
      1402       301         0
      1402       302         0
      1402       401         0
      1402       402         0
      1402       403         0
      1402       501         0
      1402       601         0
      1402       602         0
      1402       603         0
      1402       701         0
      1402       702         0
      1402       801         0
      1402       802         0
      1402       803         0
      1402       804         0
      1402       805         0
      1402       901         0
      1402       902         0
      1402       903         0
      1402      1001         0
      1402      1002         0
      1402      1101         0
      1402      1201         0
      1402      1203         0
      1402      1301         1
      1402      1302         0
      1402      1401         4
      1402      1404         4
      1402      1405         2
      1402      1502         0
      1402      1503         0
      1402      1601         0
      1402      1602         0
      1402      1603         0
      1402      1701         0
      1402      1702         0
      1402      1703         0
      1402      1802         0
      1402      1803         0
      1402      1902         1
      1402      1903         1
      1404       101         0
      1404       102         0
      1404       201         0
      1404       301         0
      1404       302         0
      1404       401         0
      1404       402         0
      1404       403         0
      1404       501         0
      1404       601         0
      1404       602         2
      1404       603         0
      1404       701         0
      1404       702         0
      1404       801         0
      1404       802         0
      1404       803         0
      1404       804         0
      1404       805         0
      1404       901         1
      1404       902         0
      1404       903         1
      1404      1001         0
      1404      1002         0
      1404      1101         0
      1404      1201         0
      1404      1203         0
      1404      1301         0
      1404      1302         0
      1404      1401         4
      1404      1402         4
      1404      1405         3
      1404      1502         0
      1404      1503         0
      1404      1601         0
      1404      1602         0
      1404      1603         0
      1404      1701         0
      1404      1702         0
      1404      1703         0
      1404      1802         0
      1404      1803         0
      1404      1902         0
      1404      1903         0
      1405       101         0
      1405       102         0
      1405       201         0
      1405       301         0
      1405       302         0
      1405       401         0
      1405       402         0
      1405       403         0
      1405       501         0
      1405       601         0
      1405       602         0
      1405       603         0
      1405       701         0
      1405       702         0
      1405       801         0
      1405       802         0
      1405       803         0
      1405       804         0
      1405       805         0
      1405       901         0
      1405       902         0
      1405       903         0
      1405      1001         0
      1405      1002         0
      1405      1101         0
      1405      1201         0
      1405      1203         0
      1405      1301         0
      1405      1302         0
      1405      1401         4
      1405      1402         2
      1405      1404         3
      1405      1502         0
      1405      1503         0
      1405      1601         0
      1405      1602         0
      1405      1603         0
      1405      1701         0
      1405      1702         0
      1405      1703         0
      1405      1802         0
      1405      1803         0
      1405      1902         0
      1405      1903         0
      1502       101         0
      1502       102         0
      1502       201         0
      1502       301         0
      1502       302         0
      1502       401         0
      1502       402         0
      1502       403         0
      1502       501         0
      1502       601         0
      1502       602         0
      1502       603         0
      1502       701         0
      1502       702         0
      1502       801         0
      1502       802         0
      1502       803         0
      1502       804         0
      1502       805         0
      1502       901         0
      1502       902         0
      1502       903         0
      1502      1001         0
      1502      1002         0
      1502      1101         0
      1502      1201         0
      1502      1203         0
      1502      1301         0
      1502      1302         0
      1502      1401         0
      1502      1402         0
      1502      1404         0
      1502      1405         0
      1502      1503         3
      1502      1601         0
      1502      1602         0
      1502      1603         2
      1502      1701         0
      1502      1702         0
      1502      1703         0
      1502      1802         0
      1502      1803         0
      1502      1902         0
      1502      1903         0
      1503       101         0
      1503       102         0
      1503       201         0
      1503       301         0
      1503       302         0
      1503       401         0
      1503       402         0
      1503       403         0
      1503       501         0
      1503       601         0
      1503       602         0
      1503       603         0
      1503       701         0
      1503       702         0
      1503       801         0
      1503       802         0
      1503       803         0
      1503       804         0
      1503       805         0
      1503       901         0
      1503       902         0
      1503       903         0
      1503      1001         0
      1503      1002         0
      1503      1101         0
      1503      1201         0
      1503      1203         0
      1503      1301         0
      1503      1302         0
      1503      1401         0
      1503      1402         0
      1503      1404         0
      1503      1405         0
      1503      1502         3
      1503      1601         0
      1503      1602         0
      1503      1603         0
      1503      1701         0
      1503      1702         0
      1503      1703         0
      1503      1802         0
      1503      1803         0
      1503      1902         0
      1503      1903         0
      1601       101         0
      1601       102         1
      1601       201         0
      1601       301         0
      1601       302         0
      1601       401         0
      1601       402         0
      1601       403         0
      1601       501         0
      1601       601         0
      1601       602         0
      1601       603         0
      1601       701         0
      1601       702         0
      1601       801         0
      1601       802         0
      1601       803         0
      1601       804         0
      1601       805         0
      1601       901         0
      1601       902         0
      1601       903         0
      1601      1001         0
      1601      1002         0
      1601      1101         0
      1601      1201         0
      1601      1203         0
      1601      1301         0
      1601      1302         0
      1601      1401         0
      1601      1402         0
      1601      1404         0
      1601      1405         0
      1601      1502         0
      1601      1503         0
      1601      1602         3
      1601      1603         2
      1601      1701         0
      1601      1702         0
      1601      1703         0
      1601      1802         0
      1601      1803         0
      1601      1902         1
      1601      1903         1
      1602       101         1
      1602       102         1
      1602       201         0
      1602       301         0
      1602       302         0
      1602       401         0
      1602       402         0
      1602       403         0
      1602       501         0
      1602       601         0
      1602       602         0
      1602       603         0
      1602       701         0
      1602       702         0
      1602       801         0
      1602       802         0
      1602       803         0
      1602       804         0
      1602       805         0
      1602       901         0
      1602       902         0
      1602       903         0
      1602      1001         0
      1602      1002         0
      1602      1101         0
      1602      1201         0
      1602      1203         0
      1602      1301         0
      1602      1302         0
      1602      1401         0
      1602      1402         0
      1602      1404         0
      1602      1405         0
      1602      1502         0
      1602      1503         0
      1602      1601         3
      1602      1603         2
      1602      1701         0
      1602      1702         0
      1602      1703         0
      1602      1802         0
      1602      1803         0
      1602      1902         0
      1602      1903         0
      1603       101         0
      1603       102         1
      1603       201         0
      1603       301         1
      1603       302         0
      1603       401         0
      1603       402         0
      1603       403         0
      1603       501         0
      1603       601         0
      1603       602         0
      1603       603         0
      1603       701         0
      1603       702         0
      1603       801         0
      1603       802         0
      1603       803         0
      1603       804         0
      1603       805         0
      1603       901         0
      1603       902         0
      1603       903         0
      1603      1001         0
      1603      1002         0
      1603      1101         0
      1603      1201         0
      1603      1203         1
      1603      1301         0
      1603      1302         0
      1603      1401         0
      1603      1402         0
      1603      1404         0
      1603      1405         0
      1603      1502         2
      1603      1503         0
      1603      1601         2
      1603      1602         2
      1603      1701         0
      1603      1702         0
      1603      1703         0
      1603      1802         0
      1603      1803         0
      1603      1902         1
      1603      1903         0
      1701       101         1
      1701       102         1
      1701       201         1
      1701       301         0
      1701       302         0
      1701       401         0
      1701       402         1
      1701       403         0
      1701       501         0
      1701       601         1
      1701       602         0
      1701       603         0
      1701       701         0
      1701       702         0
      1701       801         0
      1701       802         0
      1701       803         0
      1701       804         0
      1701       805         0
      1701       901         0
      1701       902         0
      1701       903         0
      1701      1001         0
      1701      1002         0
      1701      1101         0
      1701      1201         0
      1701      1203         0
      1701      1301         0
      1701      1302         0
      1701      1401         0
      1701      1402         0
      1701      1404         0
      1701      1405         0
      1701      1502         0
      1701      1503         0
      1701      1601         0
      1701      1602         0
      1701      1603         0
      1701      1702         3
      1701      1703         3
      1701      1802         0
      1701      1803         0
      1701      1902         1
      1701      1903         1
      1702       101         1
      1702       102         1
      1702       201         1
      1702       301         0
      1702       302         0
      1702       401         0
      1702       402         0
      1702       403         0
      1702       501         0
      1702       601         0
      1702       602         0
      1702       603         0
      1702       701         0
      1702       702         0
      1702       801         0
      1702       802         0
      1702       803         0
      1702       804         0
      1702       805         0
      1702       901         0
      1702       902         0
      1702       903         0
      1702      1001         0
      1702      1002         0
      1702      1101         0
      1702      1201         0
      1702      1203         0
      1702      1301         0
      1702      1302         0
      1702      1401         0
      1702      1402         0
      1702      1404         0
      1702      1405         0
      1702      1502         0
      1702      1503         0
      1702      1601         0
      1702      1602         0
      1702      1603         0
      1702      1701         3
      1702      1703         2
      1702      1802         0
      1702      1803         0
      1702      1902         1
      1702      1903         0
      1703       101         0
      1703       102         1
      1703       201         0
      1703       301         0
      1703       302         0
      1703       401         0
      1703       402         0
      1703       403         0
      1703       501         0
      1703       601         0
      1703       602         0
      1703       603         0
      1703       701         0
      1703       702         0
      1703       801         0
      1703       802         0
      1703       803         0
      1703       804         0
      1703       805         0
      1703       901         0
      1703       902         0
      1703       903         0
      1703      1001         0
      1703      1002         0
      1703      1101         0
      1703      1201         0
      1703      1203         0
      1703      1301         0
      1703      1302         0
      1703      1401         0
      1703      1402         0
      1703      1404         0
      1703      1405         0
      1703      1502         0
      1703      1503         0
      1703      1601         0
      1703      1602         0
      1703      1603         0
      1703      1701         3
      1703      1702         2
      1703      1802         0
      1703      1803         0
      1703      1902         0
      1703      1903         0
      1802       101         0
      1802       102         0
      1802       201         0
      1802       301         0
      1802       302         0
      1802       401         0
      1802       402         0
      1802       403         0
      1802       501         0
      1802       601         0
      1802       602         0
      1802       603         0
      1802       701         0
      1802       702         0
      1802       801         0
      1802       802         0
      1802       803         0
      1802       804         0
      1802       805         0
      1802       901         0
      1802       902         0
      1802       903         0
      1802      1001         0
      1802      1002         0
      1802      1101         0
      1802      1201         0
      1802      1203         0
      1802      1301         0
      1802      1302         0
      1802      1401         0
      1802      1402         0
      1802      1404         0
      1802      1405         0
      1802      1502         0
      1802      1503         0
      1802      1601         0
      1802      1602         0
      1802      1603         0
      1802      1701         0
      1802      1702         0
      1802      1703         0
      1802      1803         2
      1802      1902         0
      1802      1903         0
      1803       101         0
      1803       102         0
      1803       201         0
      1803       301         0
      1803       302         0
      1803       401         1
      1803       402         0
      1803       403         0
      1803       501         0
      1803       601         0
      1803       602         0
      1803       603         1
      1803       701         0
      1803       702         0
      1803       801         0
      1803       802         0
      1803       803         0
      1803       804         0
      1803       805         0
      1803       901         0
      1803       902         0
      1803       903         1
      1803      1001         0
      1803      1002         0
      1803      1101         0
      1803      1201         2
      1803      1203         0
      1803      1301         0
      1803      1302         0
      1803      1401         0
      1803      1402         0
      1803      1404         0
      1803      1405         0
      1803      1502         0
      1803      1503         0
      1803      1601         0
      1803      1602         0
      1803      1603         0
      1803      1701         0
      1803      1702         0
      1803      1703         0
      1803      1802         2
      1803      1902         0
      1803      1903         0
      1902       101         2
      1902       102         1
      1902       201         1
      1902       301         2
      1902       302         1
      1902       401         1
      1902       402         1
      1902       403         0
      1902       501         0
      1902       601         1
      1902       602         1
      1902       603         1
      1902       701         1
      1902       702         1
      1902       801         1
      1902       802         0
      1902       803         0
      1902       804         1
      1902       805         0
      1902       901         1
      1902       902         0
      1902       903         2
      1902      1001         0
      1902      1002         0
      1902      1101         1
      1902      1201         2
      1902      1203         1
      1902      1301         1
      1902      1302         1
      1902      1401         2
      1902      1402         1
      1902      1404         0
      1902      1405         0
      1902      1502         0
      1902      1503         0
      1902      1601         1
      1902      1602         0
      1902      1603         1
      1902      1701         1
      1902      1702         1
      1902      1703         0
      1902      1802         0
      1902      1803         0
      1902      1903         3
      1903       101         1
      1903       102         1
      1903       201         1
      1903       301         1
      1903       302         0
      1903       401         1
      1903       402         0
      1903       403         0
      1903       501         0
      1903       601         1
      1903       602         1
      1903       603         1
      1903       701         0
      1903       702         0
      1903       801         1
      1903       802         0
      1903       803         0
      1903       804         0
      1903       805         0
      1903       901         1
      1903       902         0
      1903       903         0
      1903      1001         0
      1903      1002         0
      1903      1101         1
      1903      1201         1
      1903      1203         0
      1903      1301         1
      1903      1302         0
      1903      1401         1
      1903      1402         1
      1903      1404         0
      1903      1405         0
      1903      1502         0
      1903      1503         0
      1903      1601         1
      1903      1602         0
      1903      1603         0
      1903      1701         1
      1903      1702         0
      1903      1703         0
      1903      1802         0
      1903      1803         0
      1903      1902         3
