         1     99999         3
         1         2         3
         1         4         3
         1        19         3
         1        23         2
         1        26         3
         2     99999         3
         2        10         1
         2        21         3
         2        26         3
         3     99999         2
         3         7         3
         3         9         4
         3        11         4
         3        13         4
         3        21         4
         4     99999         1
         4         7         3
         4        24         3
         5     99999         2
         5         3         3
         5         9         3
         5        11         2
         5        14         4
         5        24         1
         6     99999         2
         6         5         4
         6         8         4
         6         9         4
         6        11         4
         6        20         4
         7     99999         1
         7         4         1
         7        10         1
         7        15         3
         7        24         2
         8     99999         2
         8         6         4
         8        12         4
         8        13         4
         8        17         4
         8        24         4
         9     99999         2
         9         3         3
         9         6         3
         9        19         3
         9        20         3
        10     99999         4
        10         2         1
        10         4         3
        10        23         3
        11     99999         2
        11         3         4
        11         6         3
        11         8         3
        11         9         3
        11        16         4
        12     99999         3
        12        26         4
        13     99999         2
        13         8         4
        13         9         4
        13        11         4
        13        21         4
        13        24         4
        14     99999         3
        14         1         1
        15     99999         1
        15         4         3
        15         7         4
        15        24         3
        16     99999         4
        16         9         4
        16        13         4
        16        17         4
        16        19         4
        16        20         4
        17     99999         4
        17         8         1
        17        16         1
        17        24         1
        19     99999         4
        19         9         4
        19        11         3
        19        16         4
        19        17         3
        20     99999         2
        20         5         4
        20         6         4
        20         9         3
        20        13         3
        21     99999         3
        21        13         4
        21        23         2
        21        24         1
        21        26         4
        23     99999         4
        23        10         3
        23        16         4
        23        19         3
        23        21         3
        24     99999         1
        24         4         3
        24         7         4
        24         8         4
        26     99999         3
        26         2         3
        26        12         4
        26        21         4
        26        24         2
        27     99999         4
        27        19         3
        27        21         1
        27        23         3
        27        24         1





































































